0.42304602922567114
0.307141273911118
0.1670276953342481
0.22052509634312592
0.5067798251926403
0.5900357687636227
0.3737988001153159
0.5055624976772208
0.4536611259638333
0.4781510561607004
0.0
0.0
0.0
0.0
0.0
0.0
0.0
0.0
0.0
0.0
0.0
0.0
0.0
0.03585337029838005
0.0
0.0
0.0
0.0
0.4710225944404294
0.0
0.32426303291311226
0.0
0.0
0.0
0.0
0.027052154932537913
0.0
0.0
0.0
0.0
0.0
0.0
0.0
0.0
0.0
0.0
0.0
0.0
0.0
0.0
0.0
0.0
0.0
0.0
0.33959446850757674
0.0
0.0
0.0
0.14343168053337949
0.0
0.0
0.0
0.0
0.0
0.0
0.0
0.0
0.0
0.0
0.0
0.0
0.0
0.0
0.0
0.0
0.0
0.0
0.0
0.2773189090503974
0.5779276256996464
0.0
0.0
0.0
0.0
0.0
0.0
0.0
0.0
0.0
0.0
0.0
0.0
0.0
0.0
0.0
0.2327933434742397
0.0
0.0
0.0
0.0
0.0
0.0
0.0
0.0
0.22034994998724677
0.0
0.0
0.0
0.0
0.015284883206124457
0.0
0.0
0.0
0.0
0.0
0.0
0.0
0.0
0.0
0.0
0.0
0.0
0.0
0.05384699504623909
0.0
0.0
1.5089010118902023E-4
0.0
0.0
0.15393809596328986
0.0
0.0
0.0
0.16221486970497503
0.0
0.0
0.0
0.0
0.0
0.0
0.0
0.0
0.0
0.0
0.0
0.0
0.0
0.0
0.0
0.0
0.0
0.0
0.0
0.18969377131541482
0.0
0.36538218878482087
0.0
0.0
0.0
0.0
0.0
0.0
0.0
0.0
0.0
0.0
0.0
0.0
0.0
0.0
0.0
0.0
0.0
0.0
0.0
0.0
0.2687867916763535
0.0
0.0
0.2535698938517506
0.0
0.0
0.0
0.0
0.0
0.0
0.0
0.0
0.0
0.0
0.0
0.0
0.0
0.0
0.0
0.0
0.0
0.0
0.0
0.0
0.0
0.0
0.0
0.0
0.0
0.0
0.0
0.0
0.0
0.0
0.0
0.0
0.0
0.0
0.0
0.0
0.0
0.0
0.2810006897267344
0.0
0.0
0.0
0.0
0.0
0.0
0.0
0.0
0.0
0.0
0.0
0.0
0.0
0.0
0.0
0.0
0.0
0.0
0.0
0.0
0.0
0.0
0.0
0.0
0.0
0.0
0.0
0.0
0.0
0.0
0.0
0.0
0.0
0.0
0.0
0.09222273203843379
0.0
0.0
0.0
0.0
0.0
0.0
0.0
0.0
0.0
0.0
0.0
0.0
0.0
0.0
0.0
0.0
0.0
0.0
0.0
0.0
0.0
0.0
0.0
0.0
0.0
0.0
0.0
0.0
0.0
0.0
0.0
0.0
0.1471091255188371
0.0
0.0
0.0
0.0
0.0
0.0
0.0947154876518453
0.0
0.0
0.0
0.0
0.0
0.0
0.0
0.0
0.0
0.0
0.15344222093994578
0.0
0.0
0.0
0.037506533028538784
0.0
0.0
0.0
0.0
0.0
0.0
0.0
0.3562075360154942
0.3965480475969277
0.0
0.0
0.0
0.0
0.0
0.0
0.0
0.0
0.0
0.10951002555779187
0.0
0.0
0.0
0.0
0.0
0.0
0.0027832553593970417
0.0
0.0
0.0
0.0
0.0
0.036884104982866796
0.0
0.14455884237704145
0.0
0.0
0.0
0.0
0.0
0.0
0.0
0.0
0.0
0.0
0.0
0.0
0.0
0.0
0.0
0.0
0.0
0.0029824059783478715
0.0
0.0
0.0
0.19812796710236333
0.0
